37,2
37,1
37,0
31,5
31,4
31,3
31,2
31,1
31,0
30,6
30,5
30,4
30,3
30,2
30,1
30,0
29,4
29,3
29,2
29,1
29,0
28,4
28,3
28,2
28,1
28,0
27,5
27,4
27,3
27,2
27,1
27,0
26,5
26,4
26,3
26,2
26,1
26,0
23,5
23,4
23,3
23,2
23,1
23,0
22,5
22,4
22,3
22,2
22,1
22,0
19,5
19,4
19,3
19,2
19,1
19,0
17,5
17,4
17,3
17,2
17,1
17,0
15,5
15,4
15,3
15,2
15,1
15,0
8,4
8,3
8,2
8,1
8,0
5,3
5,2
5,1
5,0
4,3
4,2
4,1
4,0
3,6
3,5
3,4
3,3
3,2
37,6
3,1
37,5
37,4
3,0
38,3
2,5
2,4
2,3
2,2
40,3
2,1
2,0
42,3
1,3
1,2
37,3
1,1
1,0
0,410
0,324
0,243
0,9
0,0
0,1
0,429
0,300
0,402
0,299
0,401
0,298
0,435
0,297
0,400
0,296
0,399
0,295
0,398
0,294
0,397
0,293
0,396
0,292
0,428
0,291
0,395
0,290
0,394
0,289
0,393
0,288
0,392
0,287
0,427
0,286
0,391
0,285
0,390
0,284
0,426
0,283
0,389
0,282
0,388
0,281
0,387
0,280
0,425
0,279
0,386
0,278
0,385
0,277
0,424
0,276
0,384
0,275
0,383
0,274
0,382
0,273
0,381
0,272
0,380
0,271
0,379
0,270
38,0
38,1
38,4
38,5
40,1
40,2
40,5
42,1
42,2
42,5
43,0
43,2
43,4
44,0
44,2
44,3
46,0
46,1
46,3
49,1
49,2
49,4
49,5
51,1
51,3
51,4
53,0
53,1
53,3
53,4
53,5
53,2
51,5
51,2
51,0
49,3
49,0
46,2
44,4
44,1
43,3
43,1
42,4
42,0
40,4
40,0
38,2
0,378
0,269
0,377
0,268
0,376
0,267
0,433
0,266
0,375
0,265
0,374
0,264
0,373
0,263
0,423
0,262
0,372
0,261
0,371
0,260
0,370
0,259
0,422
0,258
0,369
0,257
0,368
0,256
0,421
0,255
0,367
0,254
0,366
0,253
0,420
0,252
0,365
0,251
0,432
0,250
0,364
0,249
0,363
0,248
0,362
0,247
0,434
0,246
0,361
0,245
0,360
0,244
0,359
0,242
0,431
0,241
0,358
0,240
0,357
0,239
0,356
0,238
0,419
0,237
0,355
0,236
0,354
0,235
0,430
0,234
0,353
0,233
0,352
0,232
0,418
0,231
0,351
0,230
0,417
0,229
0,350
0,228
0,349
0,227
0,348
0,226
0,416
0,225
0,347
0,224
0,346
0,223
0,345
0,222
0,415
0,221
0,344
0,220
0,343
0,219
0,342
0,218
0,411
0,217
0,341
0,216
0,340
0,215
0,409
0,214
0,339
0,213
0,338
0,212
0,414
0,211
0,337
0,210
0,413
0,209
0,336
0,208
0,335
0,207
0,334
0,206
0,412
0,205
0,333
0,204
0,332
0,203
0,408
0,202
0,331
0,201
0,330
0,200
0,407
0,199
0,329
0,198
0,406
0,197
0,328
0,196
0,327
0,195
0,326
0,194
0,325
0,193
0,323
0,192
0,322
0,63
0,321
0,62
0,61
0,319
0,60
0,318
0,59
0,317
0,58
0,316
0,57
0,315
0,56
0,405
0,55
0,314
0,54
0,313
0,53
0,404
0,52
0,312
0,51
0,403
0,50
0,311
0,49
0,310
0,48
0,309
0,47
0,308
0,46
0,307
0,45
0,301
0,6
0,5
0,304
0,303
0,306
0,305
0,302
0,12
0,10
0,8
0,11
0,4
0,2
0,3
0,7
